{
 "cells": [
  {
   "cell_type": "code",
   "execution_count": 258,
   "metadata": {
    "collapsed": true
   },
   "outputs": [],
   "source": [
    "import numpy as np\n",
    "import pandas as pd"
   ]
  },
  {
   "cell_type": "code",
   "execution_count": 259,
   "metadata": {
    "collapsed": true
   },
   "outputs": [],
   "source": [
    "df= pd.read_csv(r'D://CodingNest//Kaggle//Projects//Boston-Housing//Data//train.csv')\n",
    "df1 = pd.DataFrame(df)\n",
    "df_train = df1[['crim','zn','indus','chas','nox','rm','age','dis','rad','tax','ptratio','black','lstat']]"
   ]
  },
  {
   "cell_type": "code",
   "execution_count": 260,
   "metadata": {
    "collapsed": true
   },
   "outputs": [],
   "source": [
    "import matplotlib.pyplot as plt\n",
    "import seaborn as sns\n",
    "%matplotlib inline"
   ]
  },
  {
   "cell_type": "code",
   "execution_count": 261,
   "metadata": {},
   "outputs": [
    {
     "data": {
      "text/html": [
       "<div>\n",
       "<style>\n",
       "    .dataframe thead tr:only-child th {\n",
       "        text-align: right;\n",
       "    }\n",
       "\n",
       "    .dataframe thead th {\n",
       "        text-align: left;\n",
       "    }\n",
       "\n",
       "    .dataframe tbody tr th {\n",
       "        vertical-align: top;\n",
       "    }\n",
       "</style>\n",
       "<table border=\"1\" class=\"dataframe\">\n",
       "  <thead>\n",
       "    <tr style=\"text-align: right;\">\n",
       "      <th></th>\n",
       "      <th>crim</th>\n",
       "      <th>zn</th>\n",
       "      <th>indus</th>\n",
       "      <th>chas</th>\n",
       "      <th>nox</th>\n",
       "      <th>rm</th>\n",
       "      <th>age</th>\n",
       "      <th>dis</th>\n",
       "      <th>rad</th>\n",
       "      <th>tax</th>\n",
       "      <th>ptratio</th>\n",
       "      <th>black</th>\n",
       "      <th>lstat</th>\n",
       "    </tr>\n",
       "  </thead>\n",
       "  <tbody>\n",
       "    <tr>\n",
       "      <th>crim</th>\n",
       "      <td>1.000000</td>\n",
       "      <td>-0.210913</td>\n",
       "      <td>0.422228</td>\n",
       "      <td>-0.041195</td>\n",
       "      <td>0.463001</td>\n",
       "      <td>-0.310180</td>\n",
       "      <td>0.379034</td>\n",
       "      <td>-0.397067</td>\n",
       "      <td>0.666636</td>\n",
       "      <td>0.617081</td>\n",
       "      <td>0.313409</td>\n",
       "      <td>-0.475796</td>\n",
       "      <td>0.532077</td>\n",
       "    </tr>\n",
       "    <tr>\n",
       "      <th>zn</th>\n",
       "      <td>-0.210913</td>\n",
       "      <td>1.000000</td>\n",
       "      <td>-0.518679</td>\n",
       "      <td>-0.024442</td>\n",
       "      <td>-0.501990</td>\n",
       "      <td>0.328197</td>\n",
       "      <td>-0.544513</td>\n",
       "      <td>0.637142</td>\n",
       "      <td>-0.303663</td>\n",
       "      <td>-0.311180</td>\n",
       "      <td>-0.380449</td>\n",
       "      <td>0.168130</td>\n",
       "      <td>-0.388112</td>\n",
       "    </tr>\n",
       "    <tr>\n",
       "      <th>indus</th>\n",
       "      <td>0.422228</td>\n",
       "      <td>-0.518679</td>\n",
       "      <td>1.000000</td>\n",
       "      <td>0.037496</td>\n",
       "      <td>0.750087</td>\n",
       "      <td>-0.440365</td>\n",
       "      <td>0.638378</td>\n",
       "      <td>-0.702327</td>\n",
       "      <td>0.569779</td>\n",
       "      <td>0.708313</td>\n",
       "      <td>0.391087</td>\n",
       "      <td>-0.335049</td>\n",
       "      <td>0.614155</td>\n",
       "    </tr>\n",
       "    <tr>\n",
       "      <th>chas</th>\n",
       "      <td>-0.041195</td>\n",
       "      <td>-0.024442</td>\n",
       "      <td>0.037496</td>\n",
       "      <td>1.000000</td>\n",
       "      <td>0.080275</td>\n",
       "      <td>0.112251</td>\n",
       "      <td>0.068286</td>\n",
       "      <td>-0.081834</td>\n",
       "      <td>0.007714</td>\n",
       "      <td>-0.021826</td>\n",
       "      <td>-0.125067</td>\n",
       "      <td>0.062029</td>\n",
       "      <td>-0.050055</td>\n",
       "    </tr>\n",
       "    <tr>\n",
       "      <th>nox</th>\n",
       "      <td>0.463001</td>\n",
       "      <td>-0.501990</td>\n",
       "      <td>0.750087</td>\n",
       "      <td>0.080275</td>\n",
       "      <td>1.000000</td>\n",
       "      <td>-0.338515</td>\n",
       "      <td>0.736000</td>\n",
       "      <td>-0.769364</td>\n",
       "      <td>0.612180</td>\n",
       "      <td>0.670722</td>\n",
       "      <td>0.192513</td>\n",
       "      <td>-0.369416</td>\n",
       "      <td>0.598874</td>\n",
       "    </tr>\n",
       "    <tr>\n",
       "      <th>rm</th>\n",
       "      <td>-0.310180</td>\n",
       "      <td>0.328197</td>\n",
       "      <td>-0.440365</td>\n",
       "      <td>0.112251</td>\n",
       "      <td>-0.338515</td>\n",
       "      <td>1.000000</td>\n",
       "      <td>-0.248573</td>\n",
       "      <td>0.269191</td>\n",
       "      <td>-0.272783</td>\n",
       "      <td>-0.356987</td>\n",
       "      <td>-0.366927</td>\n",
       "      <td>0.155202</td>\n",
       "      <td>-0.615747</td>\n",
       "    </tr>\n",
       "    <tr>\n",
       "      <th>age</th>\n",
       "      <td>0.379034</td>\n",
       "      <td>-0.544513</td>\n",
       "      <td>0.638378</td>\n",
       "      <td>0.068286</td>\n",
       "      <td>0.736000</td>\n",
       "      <td>-0.248573</td>\n",
       "      <td>1.000000</td>\n",
       "      <td>-0.764208</td>\n",
       "      <td>0.447380</td>\n",
       "      <td>0.511893</td>\n",
       "      <td>0.259293</td>\n",
       "      <td>-0.268054</td>\n",
       "      <td>0.588834</td>\n",
       "    </tr>\n",
       "    <tr>\n",
       "      <th>dis</th>\n",
       "      <td>-0.397067</td>\n",
       "      <td>0.637142</td>\n",
       "      <td>-0.702327</td>\n",
       "      <td>-0.081834</td>\n",
       "      <td>-0.769364</td>\n",
       "      <td>0.269191</td>\n",
       "      <td>-0.764208</td>\n",
       "      <td>1.000000</td>\n",
       "      <td>-0.477610</td>\n",
       "      <td>-0.529539</td>\n",
       "      <td>-0.231101</td>\n",
       "      <td>0.284374</td>\n",
       "      <td>-0.505939</td>\n",
       "    </tr>\n",
       "    <tr>\n",
       "      <th>rad</th>\n",
       "      <td>0.666636</td>\n",
       "      <td>-0.303663</td>\n",
       "      <td>0.569779</td>\n",
       "      <td>0.007714</td>\n",
       "      <td>0.612180</td>\n",
       "      <td>-0.272783</td>\n",
       "      <td>0.447380</td>\n",
       "      <td>-0.477610</td>\n",
       "      <td>1.000000</td>\n",
       "      <td>0.903562</td>\n",
       "      <td>0.470849</td>\n",
       "      <td>-0.406405</td>\n",
       "      <td>0.484568</td>\n",
       "    </tr>\n",
       "    <tr>\n",
       "      <th>tax</th>\n",
       "      <td>0.617081</td>\n",
       "      <td>-0.311180</td>\n",
       "      <td>0.708313</td>\n",
       "      <td>-0.021826</td>\n",
       "      <td>0.670722</td>\n",
       "      <td>-0.356987</td>\n",
       "      <td>0.511893</td>\n",
       "      <td>-0.529539</td>\n",
       "      <td>0.903562</td>\n",
       "      <td>1.000000</td>\n",
       "      <td>0.467437</td>\n",
       "      <td>-0.406477</td>\n",
       "      <td>0.544485</td>\n",
       "    </tr>\n",
       "    <tr>\n",
       "      <th>ptratio</th>\n",
       "      <td>0.313409</td>\n",
       "      <td>-0.380449</td>\n",
       "      <td>0.391087</td>\n",
       "      <td>-0.125067</td>\n",
       "      <td>0.192513</td>\n",
       "      <td>-0.366927</td>\n",
       "      <td>0.259293</td>\n",
       "      <td>-0.231101</td>\n",
       "      <td>0.470849</td>\n",
       "      <td>0.467437</td>\n",
       "      <td>1.000000</td>\n",
       "      <td>-0.164614</td>\n",
       "      <td>0.374802</td>\n",
       "    </tr>\n",
       "    <tr>\n",
       "      <th>black</th>\n",
       "      <td>-0.475796</td>\n",
       "      <td>0.168130</td>\n",
       "      <td>-0.335049</td>\n",
       "      <td>0.062029</td>\n",
       "      <td>-0.369416</td>\n",
       "      <td>0.155202</td>\n",
       "      <td>-0.268054</td>\n",
       "      <td>0.284374</td>\n",
       "      <td>-0.406405</td>\n",
       "      <td>-0.406477</td>\n",
       "      <td>-0.164614</td>\n",
       "      <td>1.000000</td>\n",
       "      <td>-0.356693</td>\n",
       "    </tr>\n",
       "    <tr>\n",
       "      <th>lstat</th>\n",
       "      <td>0.532077</td>\n",
       "      <td>-0.388112</td>\n",
       "      <td>0.614155</td>\n",
       "      <td>-0.050055</td>\n",
       "      <td>0.598874</td>\n",
       "      <td>-0.615747</td>\n",
       "      <td>0.588834</td>\n",
       "      <td>-0.505939</td>\n",
       "      <td>0.484568</td>\n",
       "      <td>0.544485</td>\n",
       "      <td>0.374802</td>\n",
       "      <td>-0.356693</td>\n",
       "      <td>1.000000</td>\n",
       "    </tr>\n",
       "  </tbody>\n",
       "</table>\n",
       "</div>"
      ],
      "text/plain": [
       "             crim        zn     indus      chas       nox        rm       age  \\\n",
       "crim     1.000000 -0.210913  0.422228 -0.041195  0.463001 -0.310180  0.379034   \n",
       "zn      -0.210913  1.000000 -0.518679 -0.024442 -0.501990  0.328197 -0.544513   \n",
       "indus    0.422228 -0.518679  1.000000  0.037496  0.750087 -0.440365  0.638378   \n",
       "chas    -0.041195 -0.024442  0.037496  1.000000  0.080275  0.112251  0.068286   \n",
       "nox      0.463001 -0.501990  0.750087  0.080275  1.000000 -0.338515  0.736000   \n",
       "rm      -0.310180  0.328197 -0.440365  0.112251 -0.338515  1.000000 -0.248573   \n",
       "age      0.379034 -0.544513  0.638378  0.068286  0.736000 -0.248573  1.000000   \n",
       "dis     -0.397067  0.637142 -0.702327 -0.081834 -0.769364  0.269191 -0.764208   \n",
       "rad      0.666636 -0.303663  0.569779  0.007714  0.612180 -0.272783  0.447380   \n",
       "tax      0.617081 -0.311180  0.708313 -0.021826  0.670722 -0.356987  0.511893   \n",
       "ptratio  0.313409 -0.380449  0.391087 -0.125067  0.192513 -0.366927  0.259293   \n",
       "black   -0.475796  0.168130 -0.335049  0.062029 -0.369416  0.155202 -0.268054   \n",
       "lstat    0.532077 -0.388112  0.614155 -0.050055  0.598874 -0.615747  0.588834   \n",
       "\n",
       "              dis       rad       tax   ptratio     black     lstat  \n",
       "crim    -0.397067  0.666636  0.617081  0.313409 -0.475796  0.532077  \n",
       "zn       0.637142 -0.303663 -0.311180 -0.380449  0.168130 -0.388112  \n",
       "indus   -0.702327  0.569779  0.708313  0.391087 -0.335049  0.614155  \n",
       "chas    -0.081834  0.007714 -0.021826 -0.125067  0.062029 -0.050055  \n",
       "nox     -0.769364  0.612180  0.670722  0.192513 -0.369416  0.598874  \n",
       "rm       0.269191 -0.272783 -0.356987 -0.366927  0.155202 -0.615747  \n",
       "age     -0.764208  0.447380  0.511893  0.259293 -0.268054  0.588834  \n",
       "dis      1.000000 -0.477610 -0.529539 -0.231101  0.284374 -0.505939  \n",
       "rad     -0.477610  1.000000  0.903562  0.470849 -0.406405  0.484568  \n",
       "tax     -0.529539  0.903562  1.000000  0.467437 -0.406477  0.544485  \n",
       "ptratio -0.231101  0.470849  0.467437  1.000000 -0.164614  0.374802  \n",
       "black    0.284374 -0.406405 -0.406477 -0.164614  1.000000 -0.356693  \n",
       "lstat   -0.505939  0.484568  0.544485  0.374802 -0.356693  1.000000  "
      ]
     },
     "execution_count": 261,
     "metadata": {},
     "output_type": "execute_result"
    }
   ],
   "source": [
    "df_train.corr()"
   ]
  },
  {
   "cell_type": "code",
   "execution_count": 262,
   "metadata": {
    "collapsed": true
   },
   "outputs": [],
   "source": [
    "from sklearn.linear_model import LinearRegression"
   ]
  },
  {
   "cell_type": "code",
   "execution_count": 263,
   "metadata": {
    "collapsed": true
   },
   "outputs": [],
   "source": [
    "#model = LinearRegression()"
   ]
  },
  {
   "cell_type": "code",
   "execution_count": 264,
   "metadata": {
    "collapsed": true
   },
   "outputs": [],
   "source": [
    "X = df_train"
   ]
  },
  {
   "cell_type": "code",
   "execution_count": 265,
   "metadata": {
    "collapsed": true
   },
   "outputs": [],
   "source": [
    "y = df['medv']"
   ]
  },
  {
   "cell_type": "code",
   "execution_count": 266,
   "metadata": {
    "collapsed": true
   },
   "outputs": [],
   "source": [
    "from sklearn.model_selection import train_test_split"
   ]
  },
  {
   "cell_type": "code",
   "execution_count": 267,
   "metadata": {
    "collapsed": true
   },
   "outputs": [],
   "source": [
    "X_train, X_test, y_train, y_test = train_test_split(X, y, test_size=0.25, random_state=42,shuffle = True)"
   ]
  },
  {
   "cell_type": "code",
   "execution_count": 268,
   "metadata": {
    "collapsed": true
   },
   "outputs": [],
   "source": [
    "from sklearn.pipeline import Pipeline\n",
    "#from sklearn.linear_model import LinearRegression\n",
    "from sklearn import linear_model\n",
    "from sklearn.preprocessing import StandardScaler"
   ]
  },
  {
   "cell_type": "code",
   "execution_count": 269,
   "metadata": {
    "collapsed": true
   },
   "outputs": [],
   "source": [
    "#n_alphas = 10\n",
    "#alphas = np.logspace(-10, -2, n_alphas)"
   ]
  },
  {
   "cell_type": "code",
   "execution_count": 270,
   "metadata": {
    "collapsed": true
   },
   "outputs": [],
   "source": [
    "#coefs = []\n",
    "#for a in alphas:\n",
    "model = linear_model.Ridge(alpha=200, fit_intercept=False)\n",
    "    #ridge.fit(X, y)"
   ]
  },
  {
   "cell_type": "code",
   "execution_count": 271,
   "metadata": {
    "collapsed": true
   },
   "outputs": [],
   "source": [
    "#model = Pipeline(`(\n",
    " #      (\"standard_scaler\", StandardScaler()),\n",
    "  #      (\"lin_reg\", LinearRegression()),\n",
    "   # ))"
   ]
  },
  {
   "cell_type": "code",
   "execution_count": 272,
   "metadata": {},
   "outputs": [
    {
     "data": {
      "text/plain": [
       "Ridge(alpha=200, copy_X=True, fit_intercept=False, max_iter=None,\n",
       "   normalize=False, random_state=None, solver='auto', tol=0.001)"
      ]
     },
     "execution_count": 272,
     "metadata": {},
     "output_type": "execute_result"
    }
   ],
   "source": [
    "model.fit(X_train,y_train)"
   ]
  },
  {
   "cell_type": "code",
   "execution_count": 273,
   "metadata": {
    "collapsed": true
   },
   "outputs": [],
   "source": [
    "y_train_pred = model.predict(X_train)"
   ]
  },
  {
   "cell_type": "code",
   "execution_count": 274,
   "metadata": {
    "collapsed": true
   },
   "outputs": [],
   "source": [
    "y_test_pred = model.predict(X_test)"
   ]
  },
  {
   "cell_type": "code",
   "execution_count": 275,
   "metadata": {
    "collapsed": true
   },
   "outputs": [],
   "source": [
    "df_test = pd.read_csv(r'D://CodingNest//Kaggle//Projects//Boston-Housing//Data//test.csv')\n",
    "XTEST = df_test[[\"crim\",\"zn\",\"indus\",\"chas\",\"nox\",\"rm\",\"age\",\"dis\",\"rad\",\"tax\",\"ptratio\",\"black\",\"lstat\"]]"
   ]
  },
  {
   "cell_type": "code",
   "execution_count": 276,
   "metadata": {
    "collapsed": true
   },
   "outputs": [],
   "source": [
    "y_pred_final = model.predict(XTEST)"
   ]
  },
  {
   "cell_type": "code",
   "execution_count": 277,
   "metadata": {
    "collapsed": true
   },
   "outputs": [],
   "source": [
    "submission = pd.DataFrame(\n",
    "    {\n",
    "        'ID': df_test[\"ID\"], \n",
    "        'MEDV': y_pred_final\n",
    "    },\n",
    "    columns = ['ID','MEDV'])\n",
    "submission.to_csv('D://CodingNest//Kaggle//Projects//Boston-Housing//Submission//submissionridge.csv', index = False)"
   ]
  },
  {
   "cell_type": "code",
   "execution_count": 278,
   "metadata": {
    "collapsed": true
   },
   "outputs": [],
   "source": [
    "from sklearn.metrics import mean_absolute_error, mean_squared_error"
   ]
  },
  {
   "cell_type": "code",
   "execution_count": 279,
   "metadata": {},
   "outputs": [
    {
     "name": "stdout",
     "output_type": "stream",
     "text": [
      "RMSE: 5.7348392410746944\n"
     ]
    }
   ],
   "source": [
    "print(\"RMSE: {}\".format(np.sqrt(mean_squared_error(y_train, y_train_pred))))"
   ]
  },
  {
   "cell_type": "code",
   "execution_count": 280,
   "metadata": {},
   "outputs": [
    {
     "name": "stdout",
     "output_type": "stream",
     "text": [
      "RMSE: 5.481233934147349\n"
     ]
    }
   ],
   "source": [
    "print(\"RMSE: {}\".format(np.sqrt(mean_squared_error(y_test, y_test_pred))))"
   ]
  },
  {
   "cell_type": "code",
   "execution_count": 281,
   "metadata": {
    "collapsed": true
   },
   "outputs": [],
   "source": [
    "from sklearn.metrics import r2_score"
   ]
  },
  {
   "cell_type": "code",
   "execution_count": 282,
   "metadata": {},
   "outputs": [
    {
     "data": {
      "text/plain": [
       "0.60623740873949539"
      ]
     },
     "execution_count": 282,
     "metadata": {},
     "output_type": "execute_result"
    }
   ],
   "source": [
    "r2_score(y_train, y_train_pred)"
   ]
  },
  {
   "cell_type": "code",
   "execution_count": 283,
   "metadata": {},
   "outputs": [
    {
     "data": {
      "text/plain": [
       "0.64589773109455717"
      ]
     },
     "execution_count": 283,
     "metadata": {},
     "output_type": "execute_result"
    }
   ],
   "source": [
    "r2_score(y_test, y_test_pred)"
   ]
  }
 ],
 "metadata": {
  "kernelspec": {
   "display_name": "Python 3",
   "language": "python",
   "name": "python3"
  },
  "language_info": {
   "codemirror_mode": {
    "name": "ipython",
    "version": 3
   },
   "file_extension": ".py",
   "mimetype": "text/x-python",
   "name": "python",
   "nbconvert_exporter": "python",
   "pygments_lexer": "ipython3",
   "version": "3.6.3"
  }
 },
 "nbformat": 4,
 "nbformat_minor": 2
}
